-1.16337106865414
-1.76513027626409
-3.05855518424225
-2.0748783478833
-2.31433875799509
-1.72961988573635
-1.60121444040526
-2.03252216381061
-1.98722166065013
-1.4829090452496
-2.28598881158846
-0.99124100791488
-1.22150927579332
-2.40662949923239
-1.11502684518153
-1.74598930464785
-3.2665747010611
-2.66280257488624
-1.38828755922655
-2.5606335420521
-1.50285734980973
-2.00715190518547
-2.20913390931862
-2.36312830502672
-3.47757817994553
-1.84757255464557
-2.22474996390428
-1.70090056126651
-3.28098689984118
-0.542785802924728
-3.17488163302705
-2.0204367197095
-1.53316750681475
-2.68987384702071
-2.16347238587473
-2.09752582759165
-1.6979246251908
-0.642225670979254
-2.76801674428647
-1.35906891999037
-1.48301037679714
-0.94533614016422
-1.62027037973365
-1.65716929067972
-1.86252932115777
-1.7838740384102
-1.95111713565541
-2.04694220433271
-1.13192954324078
-2.24529098064598
-1.36218325054988
-1.32499232675134
-1.22841403240102
-0.910878034545061
-1.44067716822067
-1.11255119532206
-0.511084918899875
-1.66319335114962
-1.39128242651642
-1.29609618692065
-1.58677831396419
-2.06491889605136
-2.20752989848368
-2.68164877684523
-2.89868662863617
-1.7033633964629
-1.59034168873338
-3.32535608751156
-2.51732247776846
-2.34127706141078
-0.958570980265851
-2.64904938677973
-3.13148904410521
-2.48079349458891
-0.765487612261522
-0.675330585232325
-1.90451729434496
-2.48547776854496
-1.12651585219239
-3.21509434138866
-2.27909504488634
-3.0654727076246
-1.79274886135179
-1.88506382430326
-1.5639140597829
-2.5774885563621
-2.59307790082078
-1.76012025479937
-1.61585807225564
-1.66490052576428
-1.12573802744658
-2.57563158120038
-1.97305196101534
-1.29028732826394
-0.692168146246734
-1.71830373261564
-2.54909570432494
-2.68764990801377
-2.10320568580848
-0.870972121610186
-1.26153814341726
-3.6791986043661
-2.12221625792249
-0.716276836008672
-2.27092699910654
-2.56414547916426
-2.70211217783746
-3.26489932885606
-1.17151351411472
-2.57135103511393
-2.48834174715145
-2.69202402190656
-1.57266807581223
-1.51876842935307
-2.6496493765325
-1.75252193847674
-1.06461176461876
-1.29894433452511
-1.78585597986923
-2.58029227797627
-1.81074506300735
-2.43704982517289
-3.39597414401464
-2.30457223206924
-2.41564337713287
-2.39387547764399
-3.23600088348374
-2.22799196675486
-3.07869561932976
-2.76339722684115
-2.37797159840482
-2.91625541935311
0.477801759312809
-0.91408966641495
-2.77348024283429
-1.892992102746
-3.26185774705814
-2.33813520767727
-2.59017833660377
-2.47681201943284
-1.06465429258383
-1.61302091449709
-3.50419657395645
-2.42966197157156
-1.47696012509396
-0.882880180278653
-2.56005672124466
-2.06215965196704
-1.50980758740003
-1.18784083302486
