4.37379088091951
3.86210687172824
3.47348910439562
3.70126281414691
2.91494472587415
4.56870212341502
3.81739197358829
3.39476860270947
4.21269855279069
3.35508065933832
5.21627420599264
2.90945961386517
1.68347188918117
3.06653478902179
3.51217261794843
3.05002974099591
4.46739718067953
1.71047948270899
2.74230848750081
3.29305131488209
2.66257972475579
3.63325794588541
2.68682140475357
3.13489312485259
1.85524492490772
2.68860179001954
3.23490838742006
4.33867381661375
2.90063777907413
4.03689934929631
2.65447675293525
3.36289479803801
2.19453182725274
2.83894842718879
3.78568505725921
3.33678422685966
2.32023787580154
3.01867804821956
2.79497721011575
1.82692247256974
3.89228159664816
2.17882006827128
2.78989456678147
3.39126296753633
4.33016098431945
4.37872594922895
3.97554036432452
3.66610969595663
3.45522248121937
3.25168538999289
4.0180587408137
4.66780418579808
1.47404064235457
3.07067746014605
3.13349706423647
2.94501725382852
2.2871230671561
3.08530194002305
2.29407157901481
2.13697448392853
2.9387710852171
5.5005080753494
3.65033499678505
2.59899182755007
4.30315433676102
2.19260131329534
4.45295926320236
1.77815051972189
2.93831253871126
2.65376953981267
2.96842229906281
0.657504289412375
2.20465030479121
2.2720656785307
2.95362711821125
4.3360597508078
5.08433018621835
2.85326065365099
2.49458709443937
2.17773014054474
3.60168269235804
2.61903525893951
2.87969836769531
2.97789595828082
1.63664469424623
3.70334347582582
3.60318568895456
1.99915741856094
2.87143781433033
3.18070804625698
2.82333505591843
4.06537301885555
3.831149538631
1.71755522932623
5.57452943178801
4.47866100323024
2.5262908627916
3.50881297385663
3.39315021759198
4.58827125695478
